# oST version 5.0 parameters


[image]

width
640

height
480

[narrow_stereo]

camera matrix
440.636405 0.000000 311.384585
0.000000 433.637806 260.294665
0.000000 0.000000 1.000000

distortion
-0.357554 0.112202 0.000418 0.001541 0.000000

rectification
1.000000 0.000000 0.000000
0.000000 1.000000 0.000000
0.000000 0.000000 1.000000

projection
339.486481 0.000000 308.793672 0.000000
0.000000 376.694244 266.531446 0.000000
0.000000 0.000000 1.000000 0.000000
